Modularity 0.47138651616551835
Resolution 1.0
Service 10
364
17
49
42
628
631
639
1045
711
1311
1316
665
1047
34
436
636
102
632
91
556
1193
557
1511
251
605
602
601
768
836
335
661
235
89
87
1256
1498
493
228
1499
137
899
84
309
308
434
1500
718
716
837
535
332
333
357
362
21
850
113
719
112
180
181
168
88
104
97
153
148
660
147
131
132
399
710
197
629
386
603
604
607
398
173
174
86
555
560
594
595
46
37
36
38
380
808
350
349
356
348
231
163
158
82
179
117
116
638
94
201
554
415
51
708
709
222
416
224
1134
110
176
177
101
358
633
367
368
311
79
99
543
103
114
417
613
334
578
107
118
120
580
302
294
370
274
637
419
41
39
130
134
599
598
597
435
438
420
157
40
229
83
81
239
347
53
503
437
593
320
589
588
600
78
191
196
159
155
169
164
234
232
245
200
1113
96
93
100
109
672
387
385
166
504
226
842
105
76
1514
433
111
172
178
170
171
175
121
798
165
115
119
256
369
1046
403
240
658
579
150
145
625
329
238
626
1048

Service 1
649
24
624
574
43
1206
1202
1044
377
363
360
361
1502
1262
25
22
16
676
1205
1200
1208
1254
528
376
375
28
47
27
19
430
1515
1516
219
221
220
1245
1503
1149
1145
1150
1182
1183
1458
1457
337
50
1207
378
339
1491
1146
1255
623
619
15
10
35
1204
1144
23
338
816
218
458
541
539
1148
521
1203
640
621
620
622
190
26
644
692

Service 8
1307
5
8
862
867
858
12
951
1489
1293
1209
1147
1479
717
715
714
712
751
733
882
1306
1305
1243
930
984
860
865
1291
1320
1493
840
907
863
939
634
1010
998
996
1013
1014
1015
1020
1022
1003
1005
1006
1009
1011
1023
1024
1026
1029
1030
1032
978
1347
1348
1280
1281
1277
1463
1345
1031
1017
144
861
727
1189
85
1299
956
1341
1480
869
845
889
853
983
766
1481
1482
871
1297
1192
1025
1042
1117
895
440
248
1286
859
879
750
1267
1273
946
929
1344
1456
538
849
999
912
1507
966
732
933
755
918
935
1351
1343
394
900
811
810
851
877
936
975
831
1004
1253
809
761
897
943
841
926
1057
866
800
911
976
977
971
972
973
974
970
953
950
952
958
959
964
965
967
960
961
963
968
969
949
1028
1180
1179
1110
1111
242
760
745
749
90
98
1282
909
756
1125
713
198
1296
1279
314
905
955
666
61
878
906
938
1016
888
954
784
1099
1121
702
927
635
880
814
919
887
944
794
247
1073
908
313
898
80
1181
184
846
848
991
536
1019
980
910
940
1137
1138
1135
1136
1238
1041
868
962
677
884
931
1072
1012
1143
844
847
1068
1027
1278
881
205
785
902
1289
1287
395
1074
1059
1008
1075
894
310
1104
874
1127
913
920
891
903
1246
948
208
206
207
209
217
1140
1142
1141
843
896
916
942
1088
1000
1066
941
1089
1070
186
917
988
989
992
1001
1105
1092
1040
1128
901
937
1076
864
870
872
994
993
1021
1007
1079
11
213
216
924
820
876
925
1083
693
1069
904
1086
1063
1085
923
947
214
892
69
1116
1270
1064
883
914
921
1078
1065
1084
1071
1100
875
1077
1067
915

Service 4
1506
1294
778
777
779
793
773
790
774
782
788
734
821
1385
1384
1310
1322
1326
1327
1312
1358
195
187
1308
1359
591
592
1221
1235
1234
1213
1216
1212
233
590
1229
1227
1226
1225
1215
1211
1325
1323
1187
1185
352
1382
731
359
74
351
656
381
383
382
786
787
781
783
791
792
1386
397
1244
1257
1298
1303
1304
764
765
767
1484
1483
769
775
772
789
1232
1387
1220
1218
1217
1301
987
1214
189
1236
1295
20
770
252
1259
230
396
390
392
388
127
497
122
1054
1504
736
1228
227
428
630
735
1381
1383
704
701
429
707
123
124
143
73
33
1043
106
615
249
237
246
244
743
391
1288
1285
45
31
32
30
739
199
695
128
129
343
393
389
194
1300
1223
192
706
1242
995
690
689
1508
1233
183
1224
1222
1230
193
204
1094

Service 5
1510
1513
1315
185
680
297
14
596
365
323
336
1497
526
272
295
250
48
657
663
670
673
286
287
258
488
552
606
269
259
262
266
271
273
275
279
278
285
288
291
290
292
298
62
71
300
303
312
703
439
432
354
154
70
529
532
530
674
537
839
641
1191
575
353
511
496
533
277
296
55
58
267
304
261
264
265
60
509
510
289
553
668
675
583
57
63
67
72
301
534
650
614
576
586
54
66
276
531
491
489
260
518
263
293
284
1321
280
507
508
1509
492
494
490
540
542
548
551
522
520
513
495
431
577
306
156
799
160
366
59
68
182
1190

Service 6
1265
1319
705
979
1501
241
1263
759
757
257
255
254
1247
519
515
517
253
236
746
299
655
140
1249
135
133
282
281
516
149
506
957
355
857
283
401
402
1250
771
1264
795
753
758
1505
763
1132
400
1095
1260
1261
142
1252
243
136
139
138
141
468
146
1266
152
151
1258

Service 2
1210
667
1462
1460
587
1477
1476
1475
1464
1474
1472
1188
1186
585
1473
584
1459
1471
1184

Service 9
1331
448
447
456
442
446
445
444
471
467
451
455
452
449
469
1198
270
934
450
443
457
459
465
463
462
893
454
464
466
453

Service 12
1337
669
1332
1276
1365
687
684
682
683
645
412
408
409
426
643
1354
1309
1338
1336
1335
1342
1340
404
681
1339
342
610
512
582
411
414
581
424
421
406
418
413
125
126
659
423
223
425
405
225
686
685
1467
407
410
671
427
422
653
608
505
500
502
501
498
499
609
268
679
678
662
549
611
1356
1357
1361
1364
1352

Service 13
1317
1318
627
642
780
340
1376
1366
1375
319
1374
1377
1379
1378
1380
1369
1371
1370
326
315
700
1292
699
1126
330
322
1290
318
324
321
108
838
331
327
698
1372
1465
1468
1368
77
75
1241
1239
1240
1284
1283
162
341
7
1466
1470
328
523
1367
981
1269
1373
470
316
1469

Service 7
1478
724
752
813
1488
1486
1108
1123
796
797
804
805
807
822
812
854
827
825
748
747
762
374
1272
1495
832
824
932
612
829
1133
1275
817
188
616
830
833
828
856
855
725
835
1119
1271
617
1274
618
1487
886
815
818
723
720
721
834
730
726
728
729
823
801
802
803
806
722
1120
819
885

Service 3
65
1039
64
1033
654
527
547
1197
1195
1194
544
545
1106
569
1512
558
664
1037
559
562
563
1038
525
524
1036
573
561
572
307
564
373
372
826
546
514
1196
570
9
1035
565
568
567
571
1018
566
1034

Service 0
648
477
478
482
1154
1168
1169
1392
1412
1422
1430
1443
1413
1415
1414
1394
1165
1391
1055
1173
1170
1171
1176
1174
1177
1175
1452
1423
1421
1424
1427
1431
1428
1425
1426
651
476
1153
696
475
1388
1178
1152
1159
472
473
479
481
483
1050
1058
1051
1405
1454
1447
1404
480
1437
1436
1445
1441
1449
1453
1455
1402
1156
1155
1158
1157
1151
1446
1432
1433
474
1160
1450
1390
1389
1163
1162
1161
1166
1167
1409
1408
1451
1053
1052
1081
1416
1393
697
1442
1440
1410
1411
1444
484
485
1403
1251
1420
1419
1417
1418
1172
1434
1448
1164
1438
1439
1407

Service 11
740
741
738
737
742
744

Service 14
344
345

Service 15
985
990

----------------------------------------------------------------------------------------------------
----------------------------------------------------------------------------------------------------
----------------------------------------------------------------------------------------------------

